1 0.390625 0.29927884615384615 0.27403846153846156 0.5853365384615384
0 0.17307692307692307 0.34134615384615385 0.24759615384615385 0.5
0 0.2512019230769231 0.38461538461538464 0.12980769230769232 0.4879807692307692
0 0.5793269230769231 0.7007211538461539 0.17548076923076922 0.5492788461538461
0 0.3798076923076923 0.7199519230769231 0.3088942307692308 0.5492788461538461
0 0.13822115384615385 0.7680288461538461 0.2704326923076923 0.45072115384615385
0 0.8149038461538461 0.5300480769230769 0.24759615384615385 0.6706730769230769
0 0.9387019230769231 0.4387019230769231 0.11778846153846154 0.5
0 0.7355769230769231 0.7283653846153846 0.12379807692307693 0.3233173076923077
0 0.6370192307692307 0.5889423076923077 0.18509615384615385 0.5432692307692307
0 0.5216346153846154 0.35697115384615385 0.12980769230769232 0.3233173076923077