3 0.08774038461538461 0.5829326923076923 0.16947115384615385 0.8209134615384616
3 0.17307692307692307 0.5600961538461539 0.15384615384615385 0.6310096153846154
3 0.3233173076923077 0.6069711538461539 0.1466346153846154 0.7139423076923077
3 0.25961538461538464 0.4110576923076923 0.09975961538461539 0.4879807692307692
3 0.3161057692307692 0.2800480769230769 0.09975961538461539 0.35697115384615385
3 0.4483173076923077 0.33653846153846156 0.0829326923076923 0.3870192307692308
3 0.5252403846153846 0.5709134615384616 0.1502403846153846 0.6790865384615384
3 0.5997596153846154 0.31850961538461536 0.09975961538461539 0.2800480769230769
3 0.9050480769230769 0.5925480769230769 0.13701923076923078 0.8040865384615384
3 0.9603365384615384 0.21153846153846154 0.06009615384615385 0.07692307692307693
0 0.3870192307692308 0.8449519230769231 0.15985576923076922 0.2980769230769231
0 0.6814903846153846 0.7944711538461539 0.1971153846153846 0.375
0 0.7620192307692307 0.5985576923076923 0.09014423076923077 0.19591346153846154
0 0.5913461538461539 0.49399038461538464 0.09014423076923077 0.18990384615384615
0 0.3954326923076923 0.4699519230769231 0.06971153846153846 0.18990384615384615
1 0.9567307692307693 0.4375 0.08052884615384616 0.3389423076923077