0 0.07692307692307693 0.6165865384615384 0.1466346153846154 0.49399038461538464
0 0.17668269230769232 0.6875 0.15985576923076922 0.44591346153846156
0 0.28125 0.7319711538461539 0.16346153846153846 0.38100961538461536
0 0.40625 0.6670673076923077 0.16706730769230768 0.42908653846153844
0 0.5336538461538461 0.6334134615384616 0.15985576923076922 0.5060096153846154
0 0.6682692307692307 0.6550480769230769 0.14302884615384615 0.47596153846153844
0 0.7451923076923077 0.6165865384615384 0.16346153846153846 0.4579326923076923
0 0.8545673076923077 0.6430288461538461 0.15625 0.4519230769230769
0 0.9387019230769231 0.7139423076923077 0.11658653846153846 0.39302884615384615
1 0.1971153846153846 0.36658653846153844 0.15985576923076922 0.30408653846153844
0 0.875 0.8185096153846154 0.18990384615384615 0.2800480769230769