2 0.6117788461538461 0.7980769230769231 0.18629807692307693 0.20192307692307693
2 0.5144230769230769 0.7259615384615384 0.21634615384615385 0.25
2 0.33533653846153844 0.7235576923076923 0.21634615384615385 0.20192307692307693
2 0.13822115384615385 0.6706730769230769 0.18629807692307693 0.2764423076923077
2 0.35216346153846156 0.5552884615384616 0.2644230769230769 0.23918269230769232
2 0.3786057692307692 0.4254807692307692 0.16826923076923078 0.20192307692307693
2 0.2644230769230769 0.26802884615384615 0.1935096153846154 0.2608173076923077
2 0.1622596153846154 0.34615384615384615 0.13822115384615385 0.18028846153846154
2 0.47596153846153844 0.21033653846153846 0.24278846153846154 0.27163461538461536
2 0.4483173076923077 0.2920673076923077 0.21634615384615385 0.2548076923076923
2 0.5841346153846154 0.4387019230769231 0.21995192307692307 0.30288461538461536
2 0.7596153846153846 0.6862980769230769 0.27283653846153844 0.31971153846153844
2 0.8653846153846154 0.5697115384615384 0.1935096153846154 0.31971153846153844
2 0.6658653846153846 0.26802884615384615 0.24278846153846154 0.2608173076923077
2 0.7391826923076923 0.42788461538461536 0.16466346153846154 0.2283653846153846